E[1]=1.312500
E[2]=1.250000
E[3]=0.000000
1.7500000000
