f[4][28][3][21][0]=84.000000
f[4][28][4][21][0]=82.000000
f[1][10][0][12][0]=42.000000
f[1][27][0][12][0]=76.000000
f[1][28][0][21][0]=215.000000
f[1][28][21][29][0]=70.000000
f[0][4][3][29][0]=60.000000
f[12][28][12][24][0]=56.000000
f[10][15][21][29][0]=26.000000
f[10][20][21][29][0]=36.000000
f[10][28][12][29][0]=144.333333
f[4][12][3][24][0]=58.000000
f[15][28][3][21][0]=62.000000
f[20][28][3][21][0]=52.000000
f[12][27][12][24][0]=54.000000
f[12][28][3][24][0]=167.000000
f[4][15][3][21][0]=58.000000
f[4][15][21][29][0]=38.000000
f[4][20][3][21][0]=68.000000
f[4][20][21][29][0]=48.000000
f[4][27][12][29][0]=166.666667
f[4][28][3][29][0]=399.466667
f[0][4][4][29][0]=58.000000
f[4][12][4][24][0]=56.000000
f[15][28][4][21][0]=60.000000
f[20][28][4][21][0]=50.000000
f[12][28][4][24][0]=162.666667
f[4][15][4][21][0]=56.000000
f[4][20][4][21][0]=66.000000
f[4][28][4][29][0]=392.133333
f[0][10][0][12][0]=44.000000
f[0][10][12][29][0]=54.000000
f[4][12][3][21][0]=52.000000
f[4][12][4][21][0]=50.000000
f[1][12][0][21][0]=144.000000
f[0][4][3][24][0]=50.000000
f[0][4][4][24][0]=48.000000
f[0][10][12][24][0]=44.000000
f[0][12][0][24][0]=256.666667
f[15][28][0][21][0]=68.000000
f[20][28][0][21][0]=58.000000
f[12][28][0][24][0]=180.000000
f[0][15][0][21][0]=160.666667
f[0][15][21][29][0]=46.000000
f[0][20][0][21][0]=182.333333
f[0][20][21][29][0]=56.000000
f[0][27][0][12][0]=78.000000
f[1][27][21][29][0]=68.000000
f[0][12][12][24][0]=48.000000
f[0][27][12][29][0]=211.000000
f[0][28][0][29][0]=690.227083
690.22708333
